274644311969103872
498142201537101836
606628308993572884
805386908594208799
818562552795627621
840514494894964777
896460432448053259
925639666420568064
969358785095278632
1027023718226083911
1132194922095726652
1140384129662328872
1241045388128161857
1332527369411629157
315967258314801153
1080467801376043008
694517878233497640
471272114385584139
352855071299600386
855212347907637289
737135989604220928
1336422659038253087
727999900029288449
828955137887698964
708632612582981712
752580268896026624
1024211583926280242
1020788115171967137
1346633913971380344
538869166451458061
1295499693983268904
480485372732899331
364528392864923649
750994062945026078
891254831434596392
765655757940981793
872864332579483718
640890097738186785
801571065959677992
801183083129995265
496476692353908736
1275590037907570839
915500626392272947
737826623918833815
1349056060622639125
982740475935064165
922496675606564865
345862281713942530
622357203235635210
980958264109985862
661426374111789057
725843939948757044
815595326340595722
584322982168756224
600132469064204298
801043699710558218
600780066049228810
724323421655138424
676462979817930752
993559306270146661
877183154413260860
839490396408905739
818674488606326797
505958465987018752
546417927499546628
782350662833930320
290557730303901697
249129168715907072
463617905423155221
1251029643528634509
1128534953102151750
208884599344988160
524197607250329620
877800260343328798
348608464303423488
513948184892932097
1020111786499907714
263058752184385536
848163937760706591
1275571776360808452
1260365449670168638
1294888488939950158
544135742746787853
889845029865156638
486949279986876416
1410236200752775230
370988651318083585
960045457202085949
776373650252759080
1107001819282022410
648732210295341089
889978165055873134
1410620539076083733
1166114399698825226
1170386502874845275
676480995985195009
1382842128962551828
1257761967960100895
281894909319970816
419112876012208139
662743125063630890
1326230679364833344
818037402295468052
1058281521049505852
1204950461296410685
782145923215523840
756201037760692294
1000871450292539403
882094045420191806
1262172848722808934
358436618400563214
925078583997759509
732900662651650049
610810982058688532
1092079301337284638
1215371608508731514
268252071067779082
464422186162323468
386376911003058176
548474029896368129
435434143115902976
1000455981127442442
938223764058013696
526885395753992214
1190401863548416124
729637694031921262
882908949949612052
942041712954589194
1118598007567433838
924451572753260594
943237615392550943
908216164528844810
994281267497537607
992232364497444894
252009182750965774
1194242927774404650
1154054305620439111
1076338867340320788
603871836379414538
579856446322245635
532231137645428756
979037560745644082
955212841407901726
265005999687991296
1211982076287516672
477898404073046017
506992422320865280
805706781103489064
800281127708655637
575085001981558784
538526771558088705
344527385816727555
942746795543511040
761913452251316254
936620604453437471
688560864009257016
1212516736096800848
411605658555777025
343030526501847043
1079399129190498395
1196937603325370390
1154844266678472756
962048435144503356
536266997160214552
662650408568881152
544611844963434557
162395037856956416
974650807444205628
1084443414365474876
795005882068500510
547950144679837708
1248138836018593834
999194693537632277
1217922040279859341
971778090890035201
398772640132759558
544221492368637961
837408136062435409
783840898894659605
947434685108199424
767839305166225429
860201280949059584
1125852233058222100
987031166114742313
295164672620101633
896767563843903518
908428856669642752
558615970848047128
1260507157749825557
1275077977750769749
691087803140014200
905261466083549184
1131327435770712165
1208754352362364948
565589011129958404
774215234017034330
994303480544108605
704907367132692572
370332748566757386
1064712727194517674
686011437088505894
326767037999480832
531348604493758464
748138787770466305
408148183466639370
1305556966189436985
1010998169900941342
286624282077954048
1364395903074566204
796509805132120100
770390967160537089
284625648969056256
128956987584151552
759345952665501697
705204872580169809
380955352046501898
856893598628839455
1395952122218156084
978025391937695826
929004553112784948
593920201171533846
1167270012034232373
813874718117068852
1072113348625317888
370608087951998977
526232327098073088
485630664063057922
736248114515673149
1072113348625317888
370608087951998977
526232327098073088
485630664063057922
736248114515673149
1230262769476046888
292243098010910721
258689458994544640
1320868516227711097
1259814483338199145
559411534992769025
785160777920544799
831612120482185327
905105634133950514
1084350290431586385
837684262542376972
742769329514217544
320652460093997067
382161698498412545
852884665883033610
1210626377997615134
802903656000913439
950328762095009812
1031999761630371880
1329841504004341792
909993004301942804
854675309978058763
1179180005989826641
696352667265531945
852611561008922666
965677312731414639
1272520693946253315
1358873886359556319
377885772797313026
659853576314814496
605532176452288523
285671525879644160
620296099940401156
201592697784369152
1080629109819981854
1098239163364560917
1136337190700470404
1206192942134595585
1273406052548870168
1323239163981598721
1353389952452395099
543742692119543818
770270143464079401
775887867670560808
1018676945619271693
509063714687680513
446600308215382018
508095370648092672
1209674807722119190
399919149918191617
430575989886812161
172220151062593536
338510683098578944
404954559052644363
419489604320886785
422259990171222027
527614363272478730
605569537685061659
610333481461088287
632647271623688268
708486478585528429
722130119384105022
738896824340971662
768294908116205589
795878650691584011
796377265440030780
798673549496942652
832456143136620576
839913036625608734
840043026621399040
863294779651915796
864539990225584199
872614921110687804
931883698041806849
988517915999473685
997568311791464539
1010266729181610105
1033781513067696200
1041031643533684808
1049094150320050216
1060538563416035328
1070378297076220025
1089219887047655564
1200945151326027886
1220505487858995323
1323191018832789514
1346113379743305760
888121400794185729
489824642274689035
1108553354839343185
367092759703846912
1234898825869656094
730484251610578958
880510308672733205
403120669229056000
367092759703846912
1234898825869656094
730484251610578958
880510308672733205
403120669229056000
592333561965838338
617068122733805580
520703115155079168
681460222992187417
1196519138491908126
1340604323608006756
1190913866738176101
576329963708612608
1091110003198402620
872968586606542858
1407873910569177088
517078567260127242
860317946135183390
1131311061509869588
419142556807331852
834178521286705212
949456738732617768
925412303531286540
381967273801416706
758731615265357824
564505093572132865
439204546359853057
635797588204978186
1082719399322071100
889360072319307788
478234132279853056
743710237579804754
866384079922266133
874251845307097139
969203382092959794
753944929973174283
758272771842899999
891155354996596746
756158879347376138
432690550093905930
920686578739843072
829879189900886058
1172673003369283586
1041884473127608420
617185779524829187
691466794954784819
1126610669517668423
1253507270155698268
1214761771630338098
1052956264700858408
1014283356436975748
1037035672453787789
838261126902972446
694452085118468196
710183011102228510
985726885134741605
592882380860030997
964280077309345812
1018872952755867819
1206194605964529744
1369324259394195456
868353888737189948
1234725361401729045
612062399855329281
1357229838670495858
153589318307282944
638192802299248657
658078921975267339
1186132173993029702
1155918075514855444
489646989840089090
154807128052334592
676896024815730755
1189742806156197889
758391753132081222
984219001385267250
1181965963910971414
744244708641079357
609836024406736897
1068729811578650754
804544928985120798
426996614972833792
767428387135422494
863279591463452713
249416794144636931
1173808239444504630
683745465510133833
810785110521020446
695368592929062913
975515331030306896
485406508176113684
1085336651875754064
1356376989480779807
939930794846208040
375744501593145346
747845278555701418
1056703285802848257
780872546194817106
1379283107492007996
334525099916918794
1056703285802848257
780872546194817106
1379283107492007996
334525099916918794
791771853140131861
807725164204261386
392743441961975808
626827029924413489
459090557289889795
630306388568178688
619688648605958154
800820672178683944
155494691247226880
1032368554235928576
637744827575959560
325025272464146433
521170761319448589
461961373518397440
409494160781869056
1071722699887489105
737831340820529224
128217229694205952
1288396551701659706
925447770024849430
797611459965878292
816093569990524968
662130891069325325
794319481387352115
1116898567299268658
628522665212379157
1162111839879057528
730993153376780289
1041491851435319387
813219711772262413
1216781937759227955
959794968816394331
872733467476115457
665611020948996136
1086662981703716986
468580954722795530
836800932527603712
921421279997878352
1173045379672055812
919285071263977513
816690899399475221
1140164280164028467
563191102467997696
833184828689481769
716946869992816743
885315825177882635
729607446250651739
992783228467429436
723031569048273017
765423896849416213
877358299933179904
682376978254659588
1103163876486426654
775378804473987084
399973284147494912
1107354508264230954
547061049187106817
849873119886835723
1366050779206651905
694851486580080640
951528365351907348
650037680482287617
817407740812066827
608802778327941144
1405403718182109245
733643764299464735
949791489221877861
684929597053337676
1114934676130377730
995056966877585509
335816410951450635
639769490246074400
395696933009883147
250659749731762189
663890525870358544
743244365501300749
983694590072746005
1200821320913526826
820210021757222912
793091148376965164
501598450513608713
1039977016478416906
904021775552225300
1128802718077694093
1058834076934602892
662777471166578688
1305934373882953819
492132225937047570
895807780085178369
481212881145298974
478892919106043915
235090898545803264
266980457017507840
402180540402368512
953757868602044477
582728356852662284
582728356852662284
759125592196644915
395395747735928836
824768258182742056
795186668075352114
461197910856433674
1402933087742066769
1140483129669324854
1228878147035074671
728470741191753749
514623391286951967
1084624742524407838
598212398851293185
997228098410004532
795289084599730186
801586447282470932
1293238338010222654
585850885859442688
568812770326216713
1203319374744649778
900576728295043102
692552796808937562
1107421066286084236
1250881676654149645
606223025909792795
178364006271156224
924718486440247297
424673410317025280
1143759288033095700
556287633475502107
1261588942013071413
332698101515288579
236235798641377280
721768643024650250
402984763440234507
934476719224684634
870060021466152961
769631006172774441
376162845924261908
1127838677624688660
371988853164343297
178622412873662474
995126664268886107
251500745973694465
744986517532835902
1194568850637856820
579741180418326528
310448561500323840
1170781033445208167
380500829750427658
828130202122190878
931388487721156638
624980657856315412
405611909497225216
813836392505278504
1085764405024788552
1354963829502513235
765794995068207154
888227834580062280
1413326722249527297
979160236004900914
538492475203911690
1000839439850934306
1306695273485041837
428292873310568462
704883673194823740
1160784057190334595
954252315169267712
166710313209692160
285127055782313994
1342477835377573929
1175765023419813929
269147575280467968
808138350409809941
552990093481213962
1206121428760657940
300473673830236162
652277927748173864
1128793672704589934
1152936635898544261
798129030020464680
695251540138655804
1361191930943373406
739263294153556020
842944352259145738
717412196551753840
1332611330213023775
1133106757351264258
601844932935811079
765024336859627572
569843065448038400
697079837810229298
872101820523225098
516502267302641674
1269211090168975514
889601637230997534
500394553568919584
1255990089956331622
1271111009628721164
438811287045013516
1101274520515510342
1405702942899568660
978832538942472243
1098159942231392377
1121925529210208366
747905339084767334
1053076867265073283
455826013151297536
382289994477469699
327765637835390977
1208325737598156830
889157802600329246
750146043374469261
535172498711642123
967170600416202812
979830582739615746
817420166173425695
971499982572093490
481571070999003136
1254820209127198761
490009156191780864
1357424746005922095
746371922144788622
173276547300458496
586625098576822282
480756530090868739
974372770106470431
627242062143684638
782090068885241876
771166669485113355
708622076457648149
345958669453885452
588758334597890048
691020007823507547
768120651118018581
908368379964973096
1147969230092914781
1355754427092439060
460810838509486080
760567112686239824
823696867039903754
151764591821586432
986089610629222480
826873088565051463
604545641686761494
667770962111889429
749279188225359917
761658912302694400
455498479192768522
756365251003285534
1148693511714127934
699145282650112001
645413807807660060
431817230880342026
1068998273022562314
773966560028131337
1029854740718301205
685972493751549957
969438254615130132
932791160030785536
1028786630800191488
806761374482825256
906939028010586172
1265233070177517598
1252369714248814633
1404594209406587017
1083051860820238346
1401140915715969085
736778520315035649
899149775180554292
272032148985217025
1149898703361015879
1177097486993727529
778794858310795295
548537815026106390
1116652860160090142
1220738555865862255
674064087461658635
705515569360666724
464570030290501655
864648878557233192
857157208767856660
470304702228070412
518350681967427600
975498110539272212
815716992056295494
992844290021675069
688414240209633441
389579086239891456
1250149484097175681
295030001936498698
952474127799824434
1053552761159032893
719142790650527745
591409580169232385
1362640452813062154
995234109112725575
609999773818290193
1136702618933133392
790006003617366016
290233079442833408
533447452938731542
362705054257381387
849348884333068369
195594975344328704
671902696483061790
1242603827870302279
805971236256743424
993480783501213758
1114597932856000542
1152739776710066246
688575356462170112
504006224702865439
967078988151394365
1247653654043824211
453037950742298624
806895822674853919
347656716307136514
758712961044054027
874035987964112907
882476760988524564
469068754152587264
1309185758413717609
1121042702486745138
530620540864692224
719725999922872320
989979785465839636
484622736178544642
1095751142346080370
1089619978195583148
782989603019292734
472665980858793985
1191439374722793576
1155930340863508572
795041718092169247
1115736932304048158
698341225060892692
377816335394144258
1256646321973235773
279685597038379008
1276683357245149205
1005868734864445440
443965018661322773
295283005998628876
1025081413604753479
739315999379030077
904037527739043861
825218368553746452
1320389104143175762
554099843887398913
464911350905307136
641420506368704532
786320662633119794
464638638009876482
1392635945202749540
953091494464614461
1088567454399201381
284693761592655873
940135543231119371
839534198674817094
856276894139809815
817441692013297706
1343585848121233480
1099385533903413289
871998939061166140
393580310396141578
517087197648912385
763134238366498850
371320430725693451
423852999362871296
277287570889768960
741152127207997491
419575975152451585
755854041052872736
695052940041519135
665646712135614485
1152559855211647037
397594620361703435
491112359704657931
583474053419892737
590947531110875139
757617210616316046
849128050792464435
900964781115183144
1047243187095343184
1056026683674734672
1099465410916663317
1168771972512096330
1186577959289626687
1206373326583496808
1213322269426712656
1227339028853035122
1232160373512081500
1267414109742436384
1270552563695095890
1357519631409086474
1358086332852736030
1392388462891765871
697509804981223456
984553811186184202
897976316001914950
1240498530607693885
839970107248607233
771182368953729044
1279566723535732819
758478418534203402
468230969774833676
855994130634899516
1142217831228919918
821510155766071297
648568821850046474
612032496095199251
461358380087377940
918288630622068737
562593090242609172
1081978866664484914
747263604759330938
713463192961155113
680955785215606800
717108595896090684
1040374173047996467
457436076366102529
897660102071439390
850702314976313404
459125649999921152
1337871609981304942
452615292775038976
740755348478099477
495784341281046529
1141066691783163995
789647336732491796
267079114106601472
775979041499906069
881344095002447932
1188331248389734461
1215421155859636336
1354287798168846458
1379682895773565010
918627082739777607
442116660300873740
566686352687497217
900879023008264194
421174132999454730
976952908635586702
426766593004011531
347552739028500492
894319201429360702
516311567411970059
274217073612292096
264403153376641027
696928590796685352
533307698188517408
1159176771887976582
434512866725330945
719473924173463572
611195846649839626
1281369554223890523
315881858170617857
1140066791759020095
963908653998567434
344141193153609739
622629148162129974
1135308536851746909
273480647979302912
422093341329588274
813245353020358696
852706427453046784
803224573499539457
1325068068405379117
1073651030073557002
798399165830791198
1140176129567756309
1009151158813724823
341257380773888001
856636980959903764
899117306897104926
631615016407269407
635098242639462400
911617064488292352
1233581199557922889
509268441753190411
1098247357415563278
576796172417499158
883827465426980894
699252835228844062
349322988195151872
402466269624008705
151373816847794176
206255231460179969
1076564980779995217
1244390178567491666
657886868708392961
931611739299127408
735574309162188822
1029874751788814398
1141478356064411768
599202243685777419
295548164537057282
1072685146010042428
451885168379297811
1216794328970694757
343496928459227148
722208610041593948
883453693993844817
627273676835782676
538343263518588931
830253814778822667
999942579531546694
1164917850025250827
706298247458848818
1307521282450915358
934976567526977596
897959178386145330
615725393873338378
586034640985391124
499708056641339393
693856585994469456
744592095867568138
743555275663081472
801925719239163961
763189558367748107
800278902068609084
702653380153311234
708184148141146144
727353386764337293
1004943224860852274
1184190444016521216
1193991737115426919
732482601452830740
1400909441313931478
718568944675586109
430309041919492096
751822361032130602
914319949831483423
558861983362056222
494416104395898895
502284950230401024
545693276980772874
824401175826530345
705851953699225761
331111165877026816
1004501690256474182
528787745686945794
986807069770395689
1117147289962684416
510212975098068995
395993450752770081
738711790254555216
774835081852092477
1064815428322467921
1110685227208155136
837935049902260276
831623304279621652
499996390517112842
725851400499757057
782747982893154346
992471061272723476
750076926978293942
793505434810974238
725743935636504626
593486911406997506
689989726278778936
913045835024056351
913986316243460097
809018027135467590
1087485147567370270
1150953204675264603
236583000878350336
347185868269813760
346465007833186305
588871132048785419
877833369671573504
994207772398846033
475353700743905280
803520441343541249
919078496804958270
799825484372377601
555635298130853888
474051141089361920
265529641157132290
264061280984236033
1122753613232603207
1039332574021029979
345498814754586644
182252974259699713
1364673337329975406
606557481254256663
690657923877044234
802412492260114442
346402608975446016
460051835487780865
1111781564687339580
799265202498437130
1360824781594689739
886190642047381554
936101952654286848
1148798787670769675
449955676253585408
1135683325198090320
829210303941181561
1135683325198090320
829210303941181561
292625790057578506
801507136684818523
737447914556882995
764939147907170316
324530042124369932
335540069043666945
482294620059992064
662964597753380874
554851587277717524
852608158873944085
576726154480713738
1126799795290378271
324274638693728258
853441455262793729
861916839575683123
1386076926598189056
551206946733293609
531562732227526668
307648425992912896
558412984926339102
584153028366565406
620827710150672414
820436954151125012
1352079127015985355
351741854859132938
677279093896773652
1325901972171264031
774990176845168680
407622263983177738
572731525053808660
756103691802509333
815725973504786513
1051558936504979577
746773591940399144
720637906066079755
1406435935658311710
205847872904757248
700216508571189278
750743946694492273
977620553215148102
963770189713928262
608198079551766558
280419802084802571
1162806104963698909
555199041210679308
621230633930194954
751293475823288320
550024874249158666
917231956989739019
1190107969040437338
1355282100860747783
635133154725724181
482702929279713291
1045401887798722642
583774259323731968
602388393292202024
777707629316276245
805214806813573181
1094038286525268109
772352231575519262
940408398015496242
358661920917684224
301768056277958676
618037424513089538
423988405404172301
1071165742134866061
302652452979867648
249568050951487499
332331640531582987
492046222517993472
931279635977764936
1242698741463519287
588452798799020055
344556392335671297
701200139280318588
207280910813364225
703448942519517246
759120969976512552
749476270684766212
531879392272580618
1133925746885271604
281493989088296963
1177278514324586688
657631791745859606
586952066153447444
713519271480787014
671764170080911381
280112522722279424
792022155982143506
788829442055208991
833805098249486337
735641951424086066
837215001630343188
320380072462909440
819007112486191134
759605815945986119
728762002855428237
617020503210590208
110508084639612928
680023747171844117
688838533263130635
752535136758792242
1222166714289094666
673656048950706184
1095898819591413860
1153038378372190258
272145263517368320
227776811734401024
530934218235183114
452359203726819338
976289777626284113
878695154448498738
624259863895343114
753423583933497427
773046007536549889
972298848439500881
323823887848570882
1097955540291817605
774736297876127765
562362995540492288
337164226059829250
167825203999670273
1101510872393863220
282797584018571265
799278822792757298
213102222639104002
214309251894476800
234814332754460674
286624632755453954
302376486411960320
328959781823840257
487802074151649290
501586985853386754
520429008748544000
567835685822791715
583303145052962824
599847310498725922
609125213929603072
747035893667332127
796824192096010320
802908778827087913
852614204553035816
856325859953475614
875376665629433876
955433017604714496
961410286575812738
965216864760373248
996594284998430842
1014149760204156938
1091833542113230878
1168659312810414120
1220105131329196160
243040915202113536
1267892704164184084
226877700789370880
406862722056060950
952719597570756658
486130356765065217
575394247692255232
217689835933007873
399650912391528461
537051706010370065
753091837203447830
549052604714319883
947284575816671242
740795756952158290
924679996272951347
340437160291336193
810930456723062844
667175938244739098
994117078829244478
668631788167364670
575665308317122565
760626816561446942
709921371613954169
790401766739017739
850932302569406525
831900690648399930
588093528379490307
1098331178353836063
639246571451449345
699318559440109621
1154892350787694642
838196534997680208
596261609425338388
571829886713331723
1185545916883685387
1286347081560228002
651174500892672040
798479498911154206
845276559907749898
755441185933361172
262322884939087874
940921091256360970
1393749174683566201
856427008195035147
636327420760162313
737499497407709185
400772052635877388
280517962924949504
905116778336768003
1118255426723651605
839358666242392065
359739077723029505
724729740606308353
372057464700534786
414835892793114626
1343043177816391724
1314448885636137053
468041386344710184
528599961227755521
499623581039460361
343906920861532161
897256190189391912
343964525633994752
773578352731750520
865408884600340490
531569731459743754
751077216669925496
910860585913188352
1001072843745935371
390291707109048330
750504895345328159
765752044115853355
527298324529938433
900441813440151552
761680461050937358
1386646444970086473
1370634068445757462
483043430897942541
534850308635885568
394937531948466179
917112028043313173
626791407411003392
1232089856491126805
505493695966085127
114175891982123016
968282531004825660
1196761255776616538
535982384026484746
1091525045899239535
941407549872308354
421329366736175108
691678921883910247
1012674554801430528
786996338499911722
302747945910927360
928192425653071892
950887988802519160
388118544698572800
893225624230035547
318539879720026113
853494520632573983
767926425738280991
481622573008814081
616072008802893836
331453283883286530
329485699231514635
651862782374969374
827824026860388412
602745341766271006
300673823743803392
647525094058491926
669324192407224321
263716557325074444
355305959192657921
932027556637597757
202906871600906240
624307664079552521
1038643132360839218
263508767105220630
398744671943131137
669305890549137416
883013717753733120
1117337184500981770
735541716576239719
872329973120266311
759239748564025395
576557726369579009
341858039592386577
715288627210616882
675581282805088257
933919069403508777
1031572605540515851
716478787520430112
913923820224643174
1004431655567626365
289989458340872194
749022899200983062
593818430533271583
720942961814274079
505708477658693634
864767453358456832
756307302218465281
711266238504108082
1230711900652830741
929158617280688168
835446660673962044
913923820224643174
1004431655567626365
289989458340872194
749022899200983062
593818430533271583
720942961814274079
505708477658693634
864767453358456832
756307302218465281
711266238504108082
1230711900652830741
929158617280688168
835446660673962044
748909817304842343
600442318889287821
1249913512650870845
527070445963444224
895689273813110806
1256134721142919269
605378499200417803
410122329423872013
871433521510621215
1104227664560148481
717780253279387750
772705635183099945
1249461823808340050
999629821283942400
411519186729173003
639919861287354368
751641723817427081
878685576008728627
941454436822311043
525432193166606351
828625575526531163
901837079661670410
814985625660948490
1198817198886625363
1222752117865975822
896972696057962536
966365558910095392
523649644459327499
433778986355785729
604782350005436417
607934538613522432
742818482902532238
980484126329143326
448251742547738626
997111827399979049
509789728724353024
306224275206045697
709691494818250852
236174988451905536
628114030023933963
649439829431549964
330012936292663297
1176657205446070332
316706410924736512
709136594078138408
713961455485059122
404136065591541760
754473462894035056
837852295924154419
850911316583252038
923301274991075328
1049146795843919892
469991040150011925
395603227556446209
380119930802143232
811547996180185118
910731968956755969
264685725109321729
459415124923383810
664183602602442773
684396048055271464
713628263146324010
886074321825574952
718160942424391730
519953167560081445
553096154166853654
279124536958648320
1083908463706525707
722317277382574101
937897385542184990
768252153667649597
633002538643357697
1258998536826126478
759813520396779540
594223356497100800
471735186615304224
800246262175236137
759838606189395991
977401282040061954
1201723487606013984
476766957035716608
774797156090380310
1172254551454253240
729129761766637649
513929052860710916
623236440591171584
1302060630722875423
629059858980929537
1267227221349630043
680165847892754607
1097684397781688390
621904639620677662
326168557874315266
692182211889332294
429714557565534228
1318720737917272115
1220484087899492394
339933300238057475
875915628760940554
666409658805911553
527737074510725141
190983755878498314
655417347057909770
771042949244518440
395035950696103938
907024368230621234
1316911167016402969
1046443914707611669
659552043094114305
448221520821616640
1359685777168273489
712922640410476587
975222987454287922
286486337555529730
1320018082902704193
753511629118898237
482748304854089738
442204919307567104
698005037036863499
617407582092656670
337156959528550400
403022571198480395
845795840898367528
969405027011678248
584192990126538783
547482513245995023
617163809202896907
1102506999989686382
430197979534589953
263501467824947200
342469691652177921
929254734395736064
1056709815990243441
1057510009094799420
1092866036988117043
1121890478724497458
1294473820652179472
924551957492936735
835906890382442517
828432034358624257
740833524348616746
694693412435263508
593210041100664832
1018226628880519229
863937661399728158
632563730932039680
549819821110329344
716777047124607108
658343706524385292
1211491884380463184
1320561310743658726
704459661763412059
1041857625358348299
412101107922501633
514307878581174312
323809058991636490
350269851111260162
1123059386584141824
778876356238770226
989806260348125225
960001471842238504
1190401478070898708
280510269312991232
527145834723147793
1016286270340743208
569984482036416553
838939519880658964
1180832587745341483
839558170896236567
759856553686990876
338000946950963205
334367035842756608
360273216964395008
296919527738834945
1342169606898581637
744709229927071785
431426048039845910
663455026290884649
697129208312496260
967240704885678140
1354854465462866040
453301681804017667
1360765515399827606
462698658274476032
290983149507182592
360963881138520065
495615476660174858
800109224059207680
697823387602387004
816441945600557076
551207435772100664
849720478763712513
839205906965463090
564285845411201025
1383957883141492817
352201555329548289
541276189772349440
1154559120909803671
226534481736105985
697167061457174609
1396758234840432682
1054789689376247888
632278964785774646
1079276552212201542
614399181724975138
426018138010943501
1119147135196213298
977903718525726750
921589996543180801
794252971508629544
843908069288968193
1060601072365871125
375985779949699072
726665470102732861
821282536546238514
812819363005857823
287296091697840128
831181878160654336
1189214460087390329
732003414598221945
1197386675383443499
762026990345125898
777963797032730625
348585273522782208
542512953195495433
893966003690668102
765123408425779220
581909561510985729
480153006726447104
1255742418184175641
706357927924989963
847116721579753542
626445225531015198
284483326704615424
313408648120500224
763499831238328330
722596089886146620
620310297780944896
241921746184175616
635183351195631638
801225825314930698
1081200124694384721
778301835148525569
654423283252461569
413204744828616714
511637208965316622
712096351885852716
960957198454898698
1067300147765198848
1208616776452284489
648029250351267851
940392903870677033
750085960452145324
885959273790730330
213302727432732672
710159289095815219
510838277822087194
184745398131359745
1268276848605790260
650495891257425963
948261199890493480
781528401127014430
328522436201152512
868808528977088542
650847850166747136
1306617954015772798
528228010956947456
852856936433319936
711414263583080570
418802712881135627
714495691191484508
834796564056375296
1395637363379666996
441967973515657247
965627162252169316
741054535711195157
506157579517296662
915545921339662336
252093466463436801
1384768900926935040
672873686977478695
859847180588417065
789872731767570472
1165169649571336213
332577176165810178
988753141799469106
215850624313589771
332577176165810178
988753141799469106
215850624313589771
666039219424198656
580219307833819161
1358339121424240671
954463678709792778
890288123739787294
657761900456706048
234288913718575104
308277548230639627
613465109129330689
675876415077613568
1201118859818700850
635334406000738334
714917228843368511
411661048719081473
861158890183852072
940686134877495306
911093084975169636
209651791162245120
399650960277766146
670446543605727252
275028344590827522
347930221846200320
526475410897371137
598684807643267072
659862844124430396
689205710571044961
707603449532907561
825762321003184149
850767685766611005
708964235421417543
898715779774685184
1134222617138708593
464784611873128448
613527205103927367
514802962837667843
1017226648598360116
286266107835187202
768895045163024426
1187524965604528213
1364676372479610980
321402881892941825
453331581487284225
930535117317885972
994460530276319294
342860752153214976
1062583525125144657
800092159520931870
1092425052349288478
944627684112212029
409463182386790420
123909966460485632
186925016871337985
744765895687012483
510436432100458506
484783564039127051
1283229229407801440
720072122336149645
1330511875741454349
429767112203173892
279321027777921024
630437050893729792
722678761509879910
808747704275435521
322545335387947008
208763641674072064
257324485928026115
886992417826439178
442049737869230081
750434248481046528
1103505263228629053
1175885440797118500
1123508317289971814
783937352916664380
735521546973741127
737383645513384057
790077928179236894
1016777081880838154
976590949557866636
1021556780377059408
632151204222468136
1078841601218056332
151039821257637888
555881862585909269
602639709944152094
626509826398355476
768204575009800305
847183864484855861
1194411748028059739
556204829052239915
971960547794907166
297492144367730689
1110386159948931122
847237118328700928
944399979345231882
489969697383645185
1064628909439733912
351443208074690560
1053814763974570145
237293142452338688
698774549537226753
314536071906066442
725761780655325224
879886093405790259
1062066324295135234
1224043876575350905
466416686451523604
749096819514015787
1216647571628490784
1210839259091574795
1191020678514741431
426455173934612490
573690539023794198
1196161131828482160
411674772771045376
800096667734376458
798725490055315476
1036322845996875906
268031068844720129
519750713019072522
980590585062752276
489195266801532979
972228457180311626
394523961657917451
564998056857174036
345693940730691585
344680308488011778
492192815590146058
357287420518989845
847949189844566056
812875183236710421
158559008649773056
1208119962783326310
987155762734309376
1365853392546566205
463198087477854228
907705380816179201
872792935022866462
970692929024839700
466726019668377621
1188220325763235930
207973468250177537
297427029492498432
438902294692495373
480051281965350918
923675632246878269
418171499883790356
630527648275365910
248305118309646346
249681221066424321
694374366502191114
1080511430777901096
701493849578668073
263797857587429376
541335435926962197
1118184838319591434
116020934091079683
1042466744746389534
739006914767224873
477156844142329885
1086691007338401862
1136786623460290581
900804832414302239
550096359735427092
428526271664750602
952547051885977611
1277026112391876699
583135137777057802
251767203848781824
1285349788086304871
571749710126120970
870858927330443274
807612657619566642
747900151430905876
656625225173041182
1006392749370658907
552130130923880469
1307349832926756957
955558399188291604
1131168898935443566
192445451973165056
734168525572407368
1081658694300872825
722992252498214945
323499424624148482
957282088887943208
626692851404636160
767844775520632903
1398357102803554495
805672070067126272
736119870927929395
251130450242699265
418147901848420362
1225347662862094338
544862723775922206
581679971219537921
702336534342270987
1192111654335414325
861553583525855242
1022294409938751559
1326150385395830784
1363540826671808682
845089434398883880
732656535162978376
528220918288351234
714300840600404062
662999580383641621
688123894376169490
758125965133348875
855497028250370091
701917053610885140
587762645017428038
966325623993802762
1145145005342728243
1065385245156839474
280427486766956554
710965186990833806
866905790941626378
776942302874042368
1210439339675492372
125251047303151616
168193431670095875
907687050214506568
536774445340033034
721049558393684079
529760403333578793
528749600559857674
876512397483999252
676606929203757056
1001267928894816318
541024055105683457
881514764373729320
389381864743501837
1159962713519292556
736473887587565609
567474736385228800
189091093575499786
339234735882764300
1207079414337110086
593942849704296451
700477293696385084
792349000115552256
182348620681576455
697974766694563872
852357582991654930
1068158754949963808
732605513581461584
930452814176604220
556867257205129272
941612759358001182
296370496226852864
419492993217724417
551211039325290507
568192970440835089
887712008160571464
1024466617637273731
1274935158172291131
608665520136388642
695046851719856198
460354687204458507
694990550868426883
544645407674859538
636615832218239016
588239643632205855
1382031478971568158
318126818672771073
364888593342398474
409275841743421440
667763643672297472
846186831665299517
1213345736809386017
1194429544275378188
980131033645199420
522192001995636738
1271270708625801331
1144774649922719844
1010168855571742810
753035328377454612
751028553428107315
707460750343536660
188031588339154944
1046550660310650970
473715651978985503
189944270533296128
666788408600952855
239212695767744512
844612627866714142
598686270050271255
961093879405379604
484110550717169667
824572716882460692
904794518119911424
1400047107842510908
474055320654708767
757022044042035290
1036063418836328527
1072382207253037076
1226206866959241247
485167632979329027
1260989995116662798
414968247826513921
1177607817616687186
1118201438456270952
424009410046591006
1178319564870787157
916350114015101033
648974782984880153
622187795544408123
999157489784324179
922749022622588958
717365952563642468
399630197583904778
361916625118691329
656581163594547211
840241857539866664
970887822993133619
326162658023833602
520018126394359818
827290960420667453
751646027848745080
428389101444792331
551605899026890772
766827138447573031
332631974508363787
381266621836165133
913627453375787078
706175474967117925
776485218584100895
189062596450713600
484102734178549761
214066690755919872
507305802919575573
604530408947974144
730950439960313877
1335211319900508211
793296377689014293
539850043037974543
1257799550597595269
688145370164887588
1189360985400688661
703045456007004241
257297648686465024
607336186767343727
912704221030256660
1251716627477692467
647998798634811393
970607428351700992
1420147102842880171
853022830237319178
762096734914084876
784246526104043582
401165620814544906
706552384020676669
721540731797372979
1009939774393569321
764565115848491090
425319647861276683
863789411547611156
135489275847376896
996775666819280978
763463677033971712
430586371556638730
1291153087213469727
1209208180651986978
961392253023186994
1389400683064594512
1126170588994613308
730902611091259463
706078966561243157
538777935432384512
323006069381136394
556265227881152524
853948854881878027
1159246823257550938
538466904382242841
218502230393749505
403956973948633099
1132449367408787556
738601876056047647
249619692312854529
928482291322323028
1022978534114869349
730185969528995942
768102453668216873
701807828104380426
588732430622523412
897218358850764810
745722082284798013
1381714138476318821
704431416871616513
758707353499074602
1356358524040511703
761415973881380875
386889224978432000
1116878745802911785
446686746113998848
285137127144947713
662066323068551189
1187388010875060337
757326234391674960
1325905239093674105
373872429954760714
700523399071662210
97036341384052736
906611159594045461
451769438220451840
618127070391697411
712387045393301524
723580035289841694
830659574830858240
759552685162364948
924294946880634930
641714105010618378
709191376520085544
780210891584569345
780434727558447114
1223782998508437544
512478402872082441
142716498031542272
950090379934445579
1124081527505027085
985054440014897192
674820953699778560
1007356803409002546
429882913094500353
564524841013870592
355453934921580556
528273654031712256
1063776435736686632
441719744601784320
406547086876606464
743487563414896720
364209432109776896
167046242973515776
368598829437550593
857041670188957736
832792863607357442
225723988339458050
953772289311248464
344610176239665153
1321681976130015253
391665095488569354
567473317619957782
723134738021482546
715014083363078204
399757342519984131
539822443137728512
761061874556731422
699239027488063499
981189695834849290
411227124859535370
598483795485786113
1227755516986523720
1360397163191996677
343984649783083009
1078720059087798272
1049483212692410469
1122577160209698876
642835587237281828
744732929896349768
810034015045812224
820041575715045426
946584616637198346
978048070975619102
1278316390759141408
1376614166672052244
999772770789494814
692831494347161720
1109790822368563250
434070706628853761
861882531073884192
398858581669314561
1166203365710102548
484046611438239756
311601225609117707
1099585091774197790
1085212201079545926
672770877129097238
803751706542211082
188109199824257024
1065265438486966382
306919382565650434
1235809467384463373
1029104237738725386
1078037504894177280
308117176215273473
531559841462878237
902065276374380574
533726610151571456
383877453602488320
380045017697484811
729813867823366195
845749419063509024
443867153406492672
930277219887091802
1238937299308253275
795377089557692428
1137863734585466913
722742079901663272
875350964805181461
692823547596243085
1004898469263196170
965274882160095272
383903983623733248
542258596994482176
1000401916951547965
319656954819772418
916866234065248336
1089854493304307712
1378024737069859038
695991961739591780
1138506213122900108
315583370296033282
720662190486454332
342670919497416705
497085412217585671
600839851532877827
1305191878316261541
1129892628960378960
464309219026272267
410574153989619724
737244228937187368
774021741407895592
481889510913867776
143214977585643520
1109226001336127488
1020114001914503209
799798100574732360
760697808838721568
346043910344278025
318056821384413187
976275039500513300
848974674859786280
910142461077241897
659539476174864395
779070363375632444
746565394491375667
770006727612563517
726477011165511791
656847701228519455
786006353646190602
720336468781957150
951037670753177600
991722977609662495
930586347515817985
606177291231428636
263402890410852362
776433734446481418
1362655703113928725
720395629767032923
1133842026052468919
798026060683673600
1397201879909404786
488856707745841172
1160982490975064305
671910037744254986
533184527703605265
287085059217948676
706519447069917267
628619036498067476
511254844468756480
320984978332844033
256217288485634058
176019014391169026
505241927944503306
1140819969647591464
815396326153388042
852987787314069547
494950916500488203
788885351032815667
976521732775108689
761331210026483763
449596185582239744
508040183279648770
380491100458319876
554135453817765889
305392389772804097
667149835375214625
1125821152196046871
659483785779216395
710416782468579368
1053989363089952848
841306831674277919
568627654069190656
207210924304498689
343293888813072385
460602369873281035
273251811035578369
705197352654471199
822491552936886332
1379460654146130131
1167269461309526046
766741848386699275
508324276957609984
149373313259405312
845876646963183626
882031954957074472
1208085202736390167
466362978477015040
548872367884206083
394504196721868800
114930070996516872
550602012203548683
888569609316352040
754539468731580488
267239452504489984
1210588258954907729
826602854911443016
717830368937508954
1236165953096650812
1007328990287110275
1083945070069305425
407688058616545281
580463176186068992
728810874055163905
862043524479582258
706520222387142728
1049814194867941457
301070767138013185
405352176098213888
941461062195236895
1069411317158514821
258383732413562880
969745168217546822
598016641053229056
861128489376677929
442077653684715520
976281567322316860
709334711864131596
464413192626503681
554013896734801955
761426863078768642
1206054368550592543
989978831651745843
924004920129122324
180099496980512777
1032064361277173831
852665617491296307
291712216636456970
726911607296491910
1256311140028252172
610652793266765855
1358467525440180527
603220159368265779
1389786954245341287
1318099883730669660
898710394170900500
800211150334590987
668533702061588519
1093334173114192013
890726275054972948
728773209679331370
698714701303119882
945782198458523659
854884211810631701
398611750934544385
1207145115139973133
548979169913077770
699342994821873717
760682102659743857
978812725520113725
1284513650572267545
713107993012469863
452274810681163786
1115746550111555746
1092092931797692436
1324777846127853671
958221679551737897
657399666316410900
790715688616460298
1120827173339672668
1294051993828200541
782799591610515467
702261679559540826
726312827836694548
734407282045222943
891208943118987264
685645088067682335
488448413294395399
579867388863053832
732434173318660156
658758351328641046
852596019941998644
487285159964442626
836011271442661396
1246958064427470890
1154562851952934922
323062849695907840
288267619427942400
728684285741105293
719283215512371241
758638644575207424
1244621148294217762
964339183877509140
541803071072763921
804119448050729001
1055212903898288160
548826315009294346
483384162238332928
1088938085875732502
667553995468046349
1195567108394848378
342398702679359496
437219417202360321
1046117334932258835
937417476013187123
493689998118223872
389488174935572490
614207923899465779
701585179365605426
784610291768885278
1150653670090879047
982647985076842516
1196508461446479993
922661913282875442
883186245008781382
1081410827720081418
301136784543449088
1247420724608630825
266702394988036097
454038791007633429
1058806185261813850
1272375631102873662
637448045490995241
790424789222555658
619906763700961291
614744687223504916
1152739859073605693
383772893621780480
1387758436439035945
1379979654257180766
969991592691777587
468577290729553931
281928747874254848
870381827557302322
381650144694632449
714860155183038495
205195382114746369
858419966432641044
606179083553865758
1078357266031460352
1277763766498623599
570770769819205640
1347557559933866106
567155724698910728
683363371206311952
1348081400192172032
832875108246224897
560596273057759243
952240014459273287
770754850790834196
1003290562725691474
263477079717183489
834953226448666674
891306554001874984
146273803784159232
1007052926394585210
495620289363836928
752785573189779456
804170440456798209
846917044485881856
364817871790014465
999031810036088872
751643392609353749
395458269621125120
652345314539470888
239847943375421440
539129065815408641
997844566570975253
272233841379377153
599430611169574923
752397632374308955
264941669789597696
278251049037332484
680107853008207872
1175563479235711031
787501904002809868
893889748282769480
883642297848332308
546401292411469824
762369653045198879
595072619267489795
651217220382228493
1314451837750874159
737529849622691861
1114304095147262042
645179654193414144
1045858088953065582
730521218016477326
597115375800549376
1406320040252280933
912384939696214057
620294990563639329
616654004570685491
267368849228169217
605103824146792468
472595640082497538
389557492730036226
889975640567210075
256888298260267020
287621478663585792
1238873627844280405
886134891975155723
766096841304571914
265324767815401473
447143527001096193
711220849234935889
701244750052851762
409079910318211082
310593688889720832
250769441321648129
162402521174769664
1194121165262827641
1352486641406836736
916749701699743754
354072028229271552
934513490071285760
492141750106718210
542035781577867305
871163759253655563
1246900985473925291
205039359907332097
570394554981679114
222086697242984448
419611997714513931
876955739409743892
975563292607127593
771889639472627712
1072071807491899502
790750058411851786
1261488292256288840
510851683576971304
417675372130336791
712439525271666759
856625169740333078
895090038679932948
525653364176846848
1049139912550649927
510898947208773641
1144150864911671336
561493488382771218
811205248873529394
833117341118103572
863446760318828604
676234991197224990
956643629315817534
1031687379376947372
574085567227363368
918605700891050006
363131742443405314
426409210704822272
904125325888335952
648503679607111681
726795885534511235
633173755723644939
350767843534438434
414985604271702017
1297316863612555287
429755622364282880
561601207865442318
796067619119169616
98548648547201024
238388336400531457
307637196163121152
354066599797325824
133619487030247424
183463637699133440
431964535096737793
672311268950016000
852588917647605852
994709855778656306
492433121162297374
857965184449904681
595636613175050255
571900878500659202
247734272012582913
761529958019366913
1142999410767306852
1007882560568827995
164924289009713152
1092580297608007751
869626331745353788
1088632321147666464
879887568710279208
1031959846104334366
541476914116689951
983432765422833686
387350860243533835
791848052016545793
1039259103236726887
608100581969625089
1090383494447910934
485211658231349253
820378711970676737
332193000539160587
644336457032532040
1120686021722509313
900864954956124180
608100581969625089
1090383494447910934
485211658231349253
820378711970676737
332193000539160587
644336457032532040
1120686021722509313
900864954956124180
699787117420609557
523171118077575168
896434768630153247
653989881000886272
1340839467673714793
747675975789183047
784652440632688710
954488265858232360
852672976225566740
235049042223038465
854670387732152361
361248495283470338
1182349325649592365
857301103816081458
1406564708198383736
280998031279783937
986256606016733234
811363905925283842
810713411418980383
183826975788367872
645796567537811467
739189867367497829
913644140120645662
1180992507354566806
1178789026703098036
1098228977044312074
1354577257452011762
715998692972429342
541501601504821277
726952130149220402
856996597287616523
1079842755288764417
975879970339569684
635193768471035930
887500869573156914
960017842785370214
762790600415379497
508074616632246282
1121551843034677330
1072986416142893097
260061311545769984
519011078311772170
805704287732629544
524626068146225153
563937507318956032
439751340411846666
921627981720477696
1047311278647029800
1006720609595691028
272851442824511489
712271466523000844
768092856224317531
1323324732980068356
669393484456919090
467436960126861333
648199210314760212
709131126693953540
511588550479839232
992071326300917881
110545994722066432
607952778291314701
970478065119531071
396655011687301122
1139554002103709789
377983960250318848
633104618322264064
854410022721290280
1081643885610143804
526272163301425152
310502608383246338
1089199831110668319
743596659488981082
672597460342013982
809670993424416800
143246261795946496
1405368049275633748
984571849927168061
267000466225889281
211216790561357826
450120423150190592
718488470712090635
1077329712604512316
318487553202454528
807880449606025226
1258589422304100433
391666038845997056
698559274225500252
334500700157378571
1078002747904888974
1000214045976166561
456594391981883411
950157189417435176
1078002747904888974
1000214045976166561
456594391981883411
950157189417435176
451439821714620427
1343270261998485656
541396696563712041
701858252304154625
520071838857035786
1384239066811465850
562067069986799616
574732107016830979
511574874314244096
1019749348281700462
411641257379627011
544738648000561163
1332725773995606159
386145022325686272
210847400426864640
412272848594272267
386992173343703043
612721468681355305
1353205156677812324
1051898857883172876
673356730083835904
1262055874919141473
757754360582111283
130966036269760512
617177362987221001
1211033773878018152
88456065577943040
297857538341208064
589869425793040384
613060081424007170
725765608955969598
786448508302786591
809307545482035220
917650620327026688
924274268664111135
937978460691923014
1027028528790773890
1133447509700788374
1145207473733640262
1147549171608453200
1193701738734157878
1312591518523068551
597885038570504202
414173491160547338
326610567974354945
710727245706297416
1056806975469527040
1242980621496877149
1203518800054591498
236631334359924736
1168026194009128963
954475958906286130
339949633646231555
966870101066383401
1158085699233390754
762335623670398976
454741555794804758
830188998734381106
625093831125368833
1094334894886355115
891450352673636383
994437615749185537
1264255179503439923
793471512950734889
599268696128618507
769618481116479530
763516337250107452
1219732735141089401
1038866053834494105
981057198278967306
1405711616946995361
1007835129441423370
1066872406121128037
859271773392076860
878685767759700018
512077020277112833
622607572112900096
715518160165666828
268587257722699776
343067174468059136
530755761593122837
633140917414395915
356902033393188864
183623687268859904
699730258441797702
785984607576129596
992504178104598558
857874519431053312
1078313475727691787
1098692857965072467
808784478519951430
1246564471074328679
1055967723592618045
301222203637104640
463904107070226453
806772819958169611
1055967723592618045
301222203637104640
463904107070226453
806772819958169611
986306339515035668
255843067112718336
845101674342383647
852625169449353217
762800688174071829
700659466047324200
922265917021372416
802234110743412758
962178074772910160
503401189677858816
784103580662628392
719641242664697999
909429039473786910
414238087758086183
1104630170662486016
1106002048849293322
380580985839943680
343750268820652032
707185015947001928
804033780582973440
659524666808991744
679404912664248332
877077539707838474
1187936241333829805
1282766534002868225
593490911552339988
1025139906714021938
1152660816580059198
531180364211683339
718919114726309941
1049042535336640522
699315970317090931
808697945234604042
1183942441762553946
1229305863270039613
1137935706656878753
1232665453520879756
666014094955905051
303290819291381771
404176454008569858
728889294554529836
1121479110879875223
788402406173310977
1174361130441908299
929150026918297612
797634580521287682
133015928106385408
709093687027826768
123201608514404356
598134177371521025
785952321829732374
699827728106389544
863425263987458078
726604359294517270
1135478866639589406
960589951311945799
700528853998895146
229918852216127494
800123821482573834
749730142133420182
852585351985365092
798842043312111626
559163534819328028
556597209429311488
502135139615375360
202216945980801025
700091742979883009
1284940045396217898
502937199961178142
924131815059496961
934810515916603472
933013016994267147
995748901640491108
772467217777819660
206041284555702275
548947069096951808
1252769465033035879
854784860156854312
908934160415068181
778244952520917013
692778298719207545
754338520990220380
703118876086370326
723324657398317107
546304653575585802
821850699226415117
383780477309419531
217478211695542273
1168293492276084756
597813595665072138
489927055862005775
987807952264118272
763454108614393916
852887939960012812
541769934837907487
755517406616748143
267483124810776576
709402585714524232
922139588221337700
322523839651119104
624412226907930624
1013657506913996860
1321255713296875583
1022957814467014757
1194296995511279679
660641060959289364
555943821142130689
718175417227411567
1324820699755577448
245587428159651842
740150163275907074
705875640469159999
484182087557971981
271055494767050764
401906995487178764
656827833682886656
674905905317281800
683691074216263692
754866162118164520
782020273456676865
960719559202046023
1096583441459449907
1127742938127007785
793949519611953172
688771405478625342
768476996984242220
1008913922558021703
1025883887546675200
393043807739969537
745954817289093221
294579698594349074
425685367233052673
776130202916618242
1365118907848851456
782042343652982825
1079546677817516044
762678904959795202
623294390500065299
503380837677400084
873288371340980275
702382475799691285
949181651110482020
687829982168219800
929941105829630013
575396794503004174
875774762314506290
703726909481287740
1037065059811196969
811316472801394701
309473369340772362
1219997630671884380
721454310583435314
603276925628055569
407023803865235456
885253559875145739
990921993253715988
404368232661778453
1242961221842636914
444128419182280710
421601642417225728
577299060239892501
471784670246338583
474660372889206816
556865422771617802
728746409670606899
788379660811370568
858203933096935484
889273398130270269
394704454156288000
515162797613514752
668052466385944577
625364845306314773
257332179443515392
1083534795130294322
1233245905126297650
997571550452658306
447490194841665538
763014211650715649
855773597263593502
991998447467102291
1001610284852580523
589640900473258014
1192265209390317609
686086688036225094
883184435753812030
666081461459222569
811513603101950002
302893658955579392
1098155149941284934
546416420259495966
860926350898102363
399849517245136898
867550506146463774
610260989329539073
338144553582198795
771440749693632512
338144553582198795
771440749693632512
214096254374772739
462895341101121552
1038993629240365106
506669212924903445
784442851433512980
573179316767162379
657064721350131753
649724814746976286
781563019238309929
666510482001231874
1001388252567191624
1010301331568865300
803607263876612136
419429583155101697
1178787779455483915
748526378449764473
413778362587414528
916707361295597590
997157858875551895
1040560256788463636
593924982770368527
1304964723309023403
413914507404902401
409565475807166474
772752140036603904
755185205014298726
647742744403378186
826143078552305725
698267217648681020
774669508102324237
868302489307463691
867404352301957150
462929901843120128
856572284616310785
858920052605845556
416781535572656149
564142948757929985
888614424892563477
1196160863783100627
1285073542538592298
434845509195399178
1066517732083892274
400073837775028226
497526289419468823
713733817499779113
735669565069066291
810022850685567016
861519715158196234
1038577445621727303
1322849841839341600
465522167950606336
967269694040059985
1159999758987956236
264321781131640835
605619028697808947
724984892735225919
816436863820759040
866769355500290089
1144697157396471879
984651151498702858
444201501083041792
1087505132318642198
353934323843334155
936157802475425903
554078778142490627
682793447781826602
1069707198822891662
348136128932610058
763883210031366144
992637102070173737
756999418569555979
442316157479944192
265967901977214976
510534454545219586
402286322460655647
928655741068402688
952691637828608070
1112194383043899422
577151925112537098
796758759539081267
993188977341370439
1118614417299492864
1282164332842586193
772085838657749009
296392046631976970
95262763479212032
359830138256621569
383861914301759489
1082141448562032640
1131094535200571423
809114866680856576
417035920693395456
859414226187976714
533170025146875904
341222781100228608
748031411923058749
601566704534945851
1113874008425898087
615359763068223488
1096555115055431762
496436629624324107
776506201009553428
344947967108841478
332661982253678602
758039123385647194
969975245844914196
1056051320718622841
1140761636865585223
758181344311509044
711055420378054697
1197337339341590529
304655359447007233
602968483206135820
298531715926851586
338889132212224010
592821209461293076
302327387243282433
723255119860334673
235557126293028864
892154493280600125
792579925655289918
1072176191538221086
387574227764641794
401687577830096896
809904070063161384
606378099415973889
819927963205632030
624052226356281384
1073247517438914630
525516681020440612
439518557978624010
803799442225365063
796550914521563167
1188224837311807568
188017461956837376
1157452688561291277
709552559886565406
986431742963482646
1246642977384960090
610716231921827842
915019905538072616
776171969623621662
1088642889904554075
907412272987652136
400087468071714817
1236608475983908946
263137144581783552
280488075514216458
493895801722896386
688294568726102132
958863374320545792
765102661498175489
384027146085203978
983466535978954792
817820085313339452
713130577951195366
891713107024547860
603021227774312458
390679467753734144
459958263015014411
719741179557576706
979714639325720627
819997158689210369
848269163695964221
579477849207996437
583825163129323561
633084848386342922
724686680619089971
247512315874902017
282299283917766656
305757039513042954
484135120282976266
491008901043453953
513463791372075009
643325362817859584
829564646029000714
951947999632818199
976184210152894495
977072240283775027
1117671539584794664
1164362957157826580
1193525137539076171
1324773676201279489
1093346761160015902
1215410274849390623
234132045985480714
663065171484344341
866142308281352213
713202824569290783
1370130850313932871
290288244715814912
1097974499007271074
1161707439872299068
692812551507148932
698876527412117576
770995129536217108
736072436419657838
679466706275401748
1097974499007271074
1161707439872299068
692812551507148932
698876527412117576
770995129536217108
736072436419657838
679466706275401748
207250695861174283
605423602442960927
708285466650083390
361061721269338112
464061825479213069
696194305252917358
445986128621993995
369195023318777856
227945336860049408
617218392264409088
1277705609445376040
1072862928023335002
340915338994778112
1156028540236611644
315414956134891522
821799842359017526
483358636844908556
1057956368688107590
1238054484152684554
784143680750485524
334745983491768320
382300877916078082
799176437017346052
275798432117948427
531265280802947102
527524049786634278
1319369222723469394
493890714221019136
724978091050663962
197731548319973376
953139228215238656
319744816403447811
402889115630043149
665887226655145995
789659821149257749
854033496992120852
953330209350905867
1336864077892419726
1083874554960683028
765035240652931113
497196352866877441
1366855855391379508
265629294762393600
339672414814339074
323793652440891403
1340126755289038940
530621153555906560
847442397746823190
542894587962982451
1319785988968546334
881678652415303740
692605403837759529
643207116219219978
804736151780327464
722018880460947517
945506809714729093
918750077965697024
643525277745676331
752577221494833252
503683951202664449
538103435938103297
743684118054699038
794279545414352917
1055671354470453268
920960406581825576
960176663709249636
1201767765384368159
786910079701090335
761877302686515243
946424965719261184
250802547638403075
1152545707610345473
851529826279096320
473683738035879946
1004191962091491348
1007076446444978236
816374159374417952
537376948502921217
1372672065496154142
768896520619032606
1117789609863172167
395657761880539139
1203883377971826798
1058392102083502111
678070941569384459
416909990201262080
1110762110624989194
417364382251745280
759972935833878580
419333149026287636
1095574087444746332
1057414811534770266
348239833795395586
348239833795395586
1380200984634069094
1397305863248548011
820848977540022323
883491230502223882
744482852556767252
1268760227281502240
367884290228486145
277614433167998976
532729728671416324
782695073308737556
794721897107292242
926708574552485918
342125502452203531
1064598995097362432
818633049993773157
701121113006276668
816046422168174622
1257774929936650478
362441175816208384
464793017585369090
255340532295925760
511742953459548171
848140458545774632
570450734378778625
1155697321405849660
510840747734335501
1033061869948239884
1127125357988945950
178613904224681984
1226310703925821483
892472772842893353
957662440974323722
985356074448224307
330644813261045761
250267209853698058
814339117064126476
1015031168091037841
708423650381922456
634759813905121281
715257925169315880
401833730442002442
1008825608358346842
1138284172662820956
1198082381337329695
932281711520268390
776595155964657664
168087537858904064
413004978584551434
284788932229595149
714682103719264297
1051287809132077136
1242531951747792946
119675812592091136
789822998466396180
708782390733963294
1138900956004745356
692725112222515210
584503684377870336
268511956858568704
516755586298150973
753292716036718634
865726477341294652
995160288422789140
1227329907567100067
606306199754899476
916106898154094612
329843050480402433
1204051161733144630
727995001715556362
735719133467115540
335207658976182272
814281601461649449
513244307214303252
207603789480329217
539981272412323867
543816310467854346
1212995516946976868
1099791122395566233
336899551644614658
405562591662833684
712852359453343804
748675658426876001
955572350202544139
1375471114272116937
529632736563036162
696449404953034863
333748079016804352
831651655514193927
1391954818767257762
1234856392108675167
706684263394836542
447407422466949130
252738561470758913
269488678542376960
1042935925602267277
1218370565514203176
1288988273343201321
997867414479978547
413171995774025729
1288988273343201321
997867414479978547
413171995774025729
972169213395468348
1166556126393937980
601189999475687435
275372765224370177
430418387986808851
801818453949677618
992914394633752586
493365104667262976
304359835900575746
288459965264297984
1182104698514317354
176491129896697856
226511039968051200
316279454957568000
395379407008694273
396733744737943553
558798316020695050
1125901347917672500
468563211164319785
791011505541218365
173249571210788864
755191284330659850
803501072316366869
994481896882978837
762165023267094560
1164002816055058442
698767519460360252
516438589488496640
1329827322332839967
595861162390978562
1043581614548062279
973937135600144414
608471204621189181
196238629952028672
360455778299150337
410200480795328512
1057049269670002769
462031073891581962
1213919297613729835
883882234942222377
1375634317639946360
568308825711575041
900005584089280552
647189712049537027
1349815632417394810
1048027977948086272
774290739705806918
876304765729013790
351795423175770112
1023417237278826586
1200658560443486238
795007114371923988
1269565423037317171
757968496499097601
926148758591401985
1149333109368701038
594656839606468608
1096438194104451173
1026713676843065386
703460200585232464
789021857194049587
845997703254900766
734836728040390746
968996546383339600
1182823679256702997
1063263781586739332
1219416244806094883
874697348670980156
950580284796071956
341351240757673995
675151109073141779
597354867593576449
476862578983960576
366152086703833088
852755244756500550
1300157528461672522
1075439877732188212
1283161448905834629
652239231703580691
1032991994894614638
681087785180069936
340224742571245570
237015825314217985
308225011603472385
950521917914378270
1025184373164757064
379103131268546562
588829034402807871
743086285433995344
669658573764034580
576781996320227331
700476892762996856
1104251155363663872
1154340402158120990
992211926316765254
872899501839503380
1307419713088782498
1104251155363663872
1154340402158120990
992211926316765254
872899501839503380
1307419713088782498
937147359572414504
791398059698683925
236920432010199050
567745830681968641
1225523489956429834
1202481648667725890
1071657163321266206
611944910404190248
737668658565873706
984553889779056690
692427535438577696
925356218216775690
566799902550523915
813303669457158174
448492627394822145
533813746053677056
761403520515178497
446638269845864468
1379397103163277353
1114582837874671616
334405772106530816
715650232364564554
1108148006206845079
360574068497448960
411312494582169610
786812916812611605
1087460481549217943
1304961105868619831
732381403047788554
198118396020260864
1077162184607543356
726374980207640596
741357805826736229
234504409747292162
1129570989844480092
518545802033889319
1186590598128468111
853944250408763414
764218680241291294
150810663655178240
727985666750677083
378929799583891467
650771318794616832
541276457356230659
662291885339181069
736484956947349586
852624274635358258
957249191216824330
362424714695802881
731985000534245458
352816721079435264
272305261480509442
653910824611741718
679718960903749712
483316507196129280
536057932303826944
784523065752944681
813123875394945024
260603077785026571
269993576014938123
411678970132824065
847182491290959872
1163635079168413798
557423265560264704
725787881775562807
645420931879272454
432664281910214656
644253472161792030
1037943160866873384
527604467462438933
434353551649669121
549337830036602882
712381641594765394
257390376178941953
244510511654240257
602335025102323738
597467016881766430
515912268903481348
264797790771740672
332249144758370316
706263524036575262
1123321979924135946
782336371914309663
452604396212322324
1212519307754606597
472383926183395328
947514013170946068
1278355093648838666
151584858106363906
754855588063608874
819278344864137217
1135655162275446975
424713157383290890
427139809744519169
1254436834076004396
1039647709088460870
1310929310940659732
391984300012339211
1274854234080415767
1313030465661304915
479129296666099732
618058910359879694
827674388002373642
323119818125344768
207176949750038528
371774201214009345
735337556798865468
383067400477736971
637411654807584768
1095967497238356008
727017345356398592
527010607241756683
1245691393888747571
265631431684915221
439787667543031819
433203782390644741
525496716279939093
1026123709469167696
658401687710466059
760137693077962772
641961648839458828
296804967224836096
805215974600867841
525399088708190240
1011439955769294910
767894591374360576
612101655424532502
1287864220087488543
1046564020808847400
968545114031017984
790193717796929567
1155989256154644510
795179800620695593
1138376572370440244
787405959134707733
1066686987576299571
970405556579876905
691043069339893813
1150851583911927900
881295193779867668
1345246496848740372
490710026609229824
749422992756310127
813925118325424168
1123920661061042286
492958156406784000
131163797955149824
535266756747591682
603034625463287809
538664176747413505
568216768246579201
215588821692186624
710273605119901787
901620323206709358
735445501947805707
981672340238778438
1151662348222857236
1363618496302285122
737872741834686556
284444608501645324
481539904543784970
360756679672987648
307674309575442432
691222611933265951
972770354747543573
452857141544353794
708851629327253524
1202815297703124992
1223316938944549036
356140302853210113
265382626225815553
1045456852659470356
620724983768809501
796927683929178152
315862231638081537
257170315010899979
1272688503964045344
319610506409279489
338861963654201354
870499135260864612
657456473932169225
1174538709937434625
1097249833041002666
458986810794835980
649827592412594176
1385108939271835728
463553535011717130
346113273885884428
737432821508997121
685858787092987928
448300951066116096
835156602511687682
824155525293932584
696817298744279130
250207164440903681
746006589630316574
1203554198323601468
350051805411147786
285199658760798208
749472479398985770
1243759095534845983
122813377956282369
152205831004225537
206138965068087297
213143397748178945
283340007861780482
474239144286224395
706903777286029332
819331436829999105
841208794284556319
867826135689199634
882873237376213012
909211150812598323
1196381240283123753
556615946521935902
262194699073224704
1086076763299397683
794679303325483040
663036614150455326
957524570108223500
999337235252007073
1087839116739219486
631887660880887818
1206146920767291403
1225950612794118175
196718250166452235
776089654063136790
590758494714593292
362411214925594635
1279123226798198786
1005243271796248576
819381454168653874
729729961245802537
761778102774530048
249959141144133633
938783261776306247
728456281861521458
822245707360239688
471836478788599808
1218037733734219776
455472137432465408
168483726873985026
659599334513573908
1180353799819370601
1410281596074070036
659824054118645768
760262631323467807
1261160577728909364
1229603499394990123
1013688428262588447
286983206194905098
661042536269479977
925985400214945803
295271107374743553
750411744190529596
654536503015374877
755447579520663552
903236251346432030
758753194440130642
402602331486552077
541455767199547432
210446507403378688
720076512010829915
647822634414899211
268587648468254720
425696312881577984
561723441821122575
1218284680256815107
589608765805035524
622623512418451499
721595187801096274
730943806895161364
769750893301596160
952931208944320583
1221081247791714435
756752788104675439
521642488264654859
289213155459072001
788685324372541481
369481199892168704
756991041495892109
1204290920636481587
825482606501560330
969806698757898311
1169288074497376296
437673216404619275
627142015854837772
957748547917348874
1046335697012928522
1235656499917754439
1356058700296622291
602137536915177472
1260279464584020029
767829357736493136
523499266573074457
536979844018339841
173969773120585729
1001170953016975390
712094382911782963
578263740777103373
200868126441603072
872003846585606144
844392341645295646
1386739744016171008
591363431886487573
289280377044860938
617797822229643371
733611651261005884
799377670454509589
817572802563276852
838137837491716096
840644788184547339
1288822866711678979
168101855556009984
274340402616729600
1005225697435996181
782908061828382750
1041888156913520701
954598233034874921
1364683655015960678
754867796181123083
616943753105637384
965652749276557382
613175900745498634
105054951868211200
641227534041874462
876280430779826206
1118639118986006618
1038488436853719061
310116724357988352
446085718582886410
880481426368237568
600717633255637003
832061416776794112
1210125292795068439
1037468412194078772
463428338606800906
916691041527148574
431573626609729538
176816199022149633
294316097652391936
360173394353979403
548917782583181362
750542566599950426
776077039039676497
853477822965088256
974131873502601216
1016830367346466976
1071848927097270322
1362877594126516388
694944272889282620
1255174676401885316
1178773673797242880
1247877769166327911
1053434593551851620
334515509162803221
331509081049137163
800785313538506784
240189656472223744
133246280422916096
297900421412945920
762718741107703831
1277937972787810436
1087385335710892222
1062872966083399681
1013637848685097032
291058304803799040
272720021619343361
748544411658354788
705557380276158477
411944768755728397
270592416929546242
1235644182387884062
605783131294793746
551737528600887306
767552264289255424
1234470409731178569
1100466003604930630
808047710703058964
877485300736200704
349014844667592706
850054507710906458
1076969008194138252
989935681981804584
449286752524304404
896852296091181127
649347162983104535
379346461806034946
197806724625858561
286673232466280448
1061847440300445717
767431935407816715
812289078434463794
724827222237773836
1025684280342483014
724827222237773836
1025684280342483014
728422586748502176
772377119706972160
1004122361966116935
494738479675080715
211479202820653057
683756088587452434
198993543186874369
263081975571546114
588890563441590303
624296356122460183
760587516263792711
870554007108726855
927610891585880104
797229074757845002
695772773133582367
505555730393464860
601424305989091330
1079857832263950397
759940361949806625
114275323922743297
867274398113464340
1216347975450886157
933784032284672020
159102229662531586
349729977047973888
414843471036416011
766031446258221156
1310867273883582489
565907423676596236
703381747399786555
479445804894126095
807871791217246221
342853103726624768
919402302585073684
742557796436017215
1083838586434093119
792453911952752683
485872458117808151
1193572474319810581
1094094362251628634
710235801971064942
1201410017048399926
692191174009815081
1408138993479974983
432144975845916674
857612511552602112
940285757552214046
402892004272373791
1038826644892307497
583418998071492648
828477500929736754
577613486348304404
784675278089617439
478909023274401802
765940070288719913
996159809021825145
791642234532921364
890432879086153828
788033536396361749
745652970603020409
834881939760611379
645381058342289420
324521625145835521
723708586949345330
227493820969779200
617790214793986087
1113187041530892380
866013580460556328
998065791469629480
475616304770842625
492768848437706773
542222367028674560
683043885349732355
1107763438224146533
418455133735616514
600463973921456168
657402564689788929
925790188318388244
934953234299240518
1027282516454940813
807289654344679494
360865419369644032
146770896537780225
805829254750142465
918888332258324501
1152898046267506749
1266070956451958867
726542459848491008
216360637352116224
682643000576442561
955636691350220800
512162705688494090
1202109969336377427
197589606466715658
704725739529961514
747890234565329036
1148013985451495556
673249330534154245
955636691350220800
512162705688494090
1202109969336377427
197589606466715658
704725739529961514
747890234565329036
1148013985451495556
673249330534154245
959481486518665237
463759041542488084
304741884935405579
512813456836001792
470634960227794955
323810947133341696
1090413172470591558
911315519985029220
1037367248324665354
466806718966530059
1248555481887412315
1369423645876813875
1253691614547808256
914309161934803005
705678910607720449
598571235395371033
614588741511806996
1255338650909151335
316797200615079940
212296740076912640
897174080741056552
498685104353181697
1163606747479556136
710188381187080313
485256268982779905
174567597772111873
529952569678757898
414116969403645955
690190018471526501
487689060500897793
1098314751689375815
1057437336260059157
1305154469016633455
1066716754203660308
981864774847574027
449291644811083796
756260921151717539
323246151539359744
1116553705106444349
746559364864933968
850662109041524756
859619607169859624
1333847659823239220
981977435090325524
600906733338099773
634805549464158209
792173996010635284
1288944777118875660
799831885672742947
591470491462795264
1234238576170893427
856335210961698826
287909124715315200
676173406399365131
1107480226323247115
761278863329329182
352556796520431637
802158981724373012
751580591086108782
290193475193012224
86817426322231296
1009397367725883402
1022449393347072130
693592378992492574
361669720111448076
1274245028847554616
1376701610608033914
470412520449114113
954134820403957800
1017236625555722241
265671229392945154
529617206590439424
1187216779483811880
1351254932010831962
505813138977849356
376199049050849281
1054489953687576646
1414764286646943795
756629620241203241
761681096181940274
480957781550170112
1020124260758454282
423843002256195610
722636579876896890
792227044556668968
322216220629925891
532372043564449834
418945883158085633
421872147884146689
627536677338087466
616017538643525669
1273657743147798550
394879155226935298
272217656126472192
295390671861317632
750153052199059497
1253223976705196063
1270097184716619819
223257403465007104
891592531639427113
995845290533851146
1090041135617036308
1163509634754158635
588006474597269577
564600119211851806
337580043029053440
232234473318514698
1284508222492770396
1029902301890101248
972854798439288842
658848723627147284
665389650927681536
860337688313462806
587336840307146828
981273395738058763
1310047115216687164
301900112496558080
679638771511459846
563122351458222257
442509049460686848
443441233592057866
1086465299517288599
679896939948539914
993382009600757851
1208003447388119040
1104550954046586910
1054085543434129409
683490707235012695
745394691842768897
828288430181056532
835253417483960350
856645483459903509
501160918630006794
686045328948199435
1058598288552632380
717710944897335396
1140785645221073007
696492564395589753
425703106005827584
483376648994029579
606296295438549034
1394202119774408796
980875070916427826
1057575264600719452
1199855455086854324
618614080999129103
545756639051907098
651517428198801425
338189601082441738
250687543706648577
519213091217473558
898356828298154005
839989593076006932
866220490787389440
593926360460689408
1355645947203420292
212011633948491777
1262258037733724176
328140069225365505
721154648228102145
273919497306505226
1140066496010268784
463815169433272331
564423179351883778
941129612501610517
732625006156316742
941107581345206313
1264359568453013525
674678747340865544
492733959642415105
927732192489111614
751560163982573599
264437195522310146
654011229647667200
1117276270825328670
1013922366331568220
365613433103843329
941517783051681842
333816933780815873
1193608885857161247
172823095080517632
1112262624944586813
334920754372280321
720440866799353886
1393831678111252520
267530358092857354
489059962216251405
728104851476578395
484563471514730496
251326447170355200
901304340160073729
491380762080313345
901304340160073729
491380762080313345
471455061914943488
353567041061388289
707294253809795225
829110973671145513
1005264654907494413
1390105752319823993
1042050248614354944
961738599555006524
901770391419228241
736242920872476722
921480490245050369
927319796285075537
332229375283953676
1222146914204782725
1247299149049892874
401922399542575134
283566133460860929
286612864830275585
352879033450758148
731234431838322739
944119580362690591
1135128737508237312
169547968494567425
371079093430648832
594325135134294027
861975536053125170
537072677085642753
1029965253573877842
733804664549539870
368608863655821312
976112200458567720
688123583276646436
733706587708850267
1142920951634350211
789871027625918504
1380687915729948706
1039260973397192714
624136392431108117
322408498086543364
574503286430892042
746966989347618858
644033992307245076
1164364962823680030
942525366067679273
751794506134847519
593923306097475598
891022297559867435
1223411968161878127
1296017678259064937
990976071174332547
973761044352757780
883960782793105439
1005931214273773668
601226266733051914
749736463511453776
834850206729240619
289922147852222487
789580053851013171
552262990045511690
486084140051988490
333509420514410499
258728147279806466
771408367087910965
331190702740602880
581261994410377229
745760376972378232
1042631753396932609
1180314911042175086
886332856949936128
1058561553877700680
349299704950947841
1189454590601601067
613823981262340129
929712669747998761
725381994829054063
1180146573913620635
1407941600482562199
135966829259522048
745533279402459167
1309961064292814974
1254313180826570796
760801423419768832
927782234365243462
1007391132147269793
1238208926797795360
711972230921322577
714694637759234059
755506203722907769
1132489812788645918
1183888604603367525
793253044338556949
410804160699826176
1248594427971244156
244234050175238144
110927821337006080
955539433099251732
600527363503161346
642945911097524224
356699155902496770
586781865965518879
728397911754539039
559038714378977300
430691810634104842
953618310476464129
966541290483367948
167841203390382080
1187527314943250553
1109369332225544243
715655491073736725
320343345182408704
360621517794443264
654192431566422016
704536959539871824
1017924713068122213
239928472527437824
529017197645922314
772957541167530016
269644974109229067
1063996426507534367
722656881662885958
481846737598939137
831042577964859454
197928988935454720
970379131743256677
847655894745350144
585589574097698846
241988388088053761
693331066152288377
692787362291384350
802313411505160222
672933591256399913
932817329442680842
153638453236596736
442115818986274816
946598518867521546
874852324240142337
559528010106273792
352888891285700611
1078361173927403570
1098721288530448489
498574304225656833
1012729983652855878
447565493583478784
947679920333676564
617085934264909834
862640766564302849
483423704362123275
925194154215108608
1050328778196394045
677735193813057576
437805130906075137
523659074647228428
484906112257097729
591862239963774976
571385472153026670
1245190731111337986
987182458556526632
1257079029933281353
797047721407676446
1105513305256251412
897609224207601697
687839665620779067
875400282815746079
529736381518315523
374405753483558912
854501230666317824
465267712533200899
853850400516341792
673194240444203028
1092184230374674482
320002222186561537
1042928087802839061
788795694609072148
655224908569116677
943157082750873632
692670810091159582
374897171218038786
944251438773719071
881200996590698497
1396257995163176980
483218415864250370
280371678763155468
579786985598746625
855514545686839331
1155304084497248318
1188102240179855400
882031496964222986
662116602489339904
1304942258755211294
660644396152258568
958412960248770651
1181722175397433416
565138458096435211
683162893126205557
167130892450398208
402974715326758913
156096775214727168
301554516434878465
1209164469658198068
160716388770643968
677160515629219860
584214571112464395
714317371539456052
1364579191470948463
729460664845991958
1274617193622929513
255002976853295105
453272700064890881
1166740115276697642
740451949929037884
250047010734866432
769367764472692736
782032412385214514
478906910376984587
867789226728620042
771747741709107220
593430808925175828
692319217361616988
731253265534025749
842733480814837762
1002314365371940894
1109777516970901574
607776090207027200
755017839013920858
720719049255813211
1087869989035442296
521998669285949447
839902311799062571
671481445214060596
1037864659803439174
754426636337676361
1056664770574569523
775056700365209660
714584017214636053
1052072408846192710
576948104679653396
839675197241032704
1102792268290740328
478637429595832360
940689956257529957
1078349050077790208
1214783530580705333
787153996615254026
511799190485991426
797574006785835059
1041482515195637811
1354066116150034444
436207596475514885
641396070491881474
819998412728303646
1257784065579290743
424265987768975374
1137583207575982140
934655565773283370
827911187756482610
1129162103245250681
460562862348435458
287493655835443201
551626332795305989
957297001387667536
1123917877074997298
790339490236465175
1006974806111043656
1337975361589219338
1065043703602888714
602587984507830282
1064289892378607689
444288983577395200
307348561765466112
799764928197951520
908700435936862258
991353773106671718
582981199258189833
949912585824796712
1242625320419328142
889639702502707200
562373079066738694
359118960412590085
1127269788620693504
331295368513978369
1303223712216252424
931998146521874442
1403164161055264804
508324886502965251
709411504067444848
576355274886086656
583840350053990404
800147744730906634
379700173674250259
1002004871546933300
574382228402995210
793614517589508106
501136067601235979
594821863100907531
103668015660285952
720058541448364053
742495488879624243
316980683308400641
173120359904575488
277663589945573377
424374513128439810
845122233793773599
861295778954084402
881875868656496680
925587830133108777
379342571270569985
1110778886846951435
838271447918968842
913236930278338601
1137124109130670200
732745595630125156
690571985708908625
409865162900897793
829979111899267082
928753012791443467
512079078199918635
597224779145150465
736434355391561789
754081797498994778
687257894793641996
1142591210452701204
311212840658796544
251100362965123083
436974383701950495
491365081313968138
922165248872566834
721198996873412628
704545618101796884
726601886576148571
856234588741042207
894771194258128937
1007802975005188107
1146557003855036598
231979310997700609
662128276130496513
943272704948195339
792249707077435422
1129435663012474891
444136836479320066
351933296546021376
289883466970169344
331997722305626122
470722416427925514
230449865308504064
480418774584131604
857489196566052881
864315142949961738
204025652288946176
713852164115791942
768064431027781654
930147576479633438
1062813034575302746
1248170830190346250
959483049043701850
428509471212568586
591787137611857920
962193033368064090
374539042789785611
758020132391092245
1139487856725864510
582254171013775397
773762529453146152
615220573408198710
168348011217289217
883554346116210719
531510452983955468
184092514406498315
482658207882412032
765380928611549257
1282849428511653976
1024020639599825008
744693260550668288
976687295568678942
588779282235654145
998682364685320302
984190588888961024
723950701323223050
518937325862912022
683772028133965835
478693724537356288
927429347495776266
328915613986848768
1086388181550776530
986801451844116510
251767550445092885
315854741072642048
369984298595385347
781190257030201354
692584131254812735
934950579728441404
360894465164050432
509678408557527062
707251812255662131
837690987500404756
563228598614622218
1327659525280632963
491551991596843009
745659568662511656
491551991596843009
745659568662511656
857127064725487638
825968621146472499
829418335719784460
748643221055209604
896761425245110272
303390776191221773
509657526481190922
1410848062531960904
512368621058523145
589975892197900328
761374892385501185
130096230058426368
468144222608949258
660482817427374091
527416340391133194
586574331920908407
343042803980435458
986065788807041024
1081464637675032647
757294838600302613
1179535119409741918
805476954983759872
780310625070481408
1313257622412984340
261256025271828483
888179728140357652
946851276841443339
494694877947494401
390347921360551939
285105399068360704
895088353706393610
1134782497327153182
1063638771612008609
408765749814099978
1004269234244825108
1005351913895768206
923724027338555412
1087318375815987210
579437161661595663
1310418687454613637
172865201807294464
263608698214154240
1331349611108896870
964664271973802016
711190529886650370
518479521436139541
230694843540701184
801613539231399936
893734732179861504
1122554058465607752
1184558944006447185
376126968027938818
889430916127137832
525818657503444993
822664405300674580
1002642047527817277
346848312940560385
264078109370875904
335836966555877378
564592374018211843
1383274063073640468
294309654266380288
827862318670544896
826326563774660618
1259301731175764111
716186580921876521
1122910537597059193
306747042892480512
360192922617905163
709917269781905490
285862116097916928
821880729860046929
611386009292111872
877574928151502848
819045059042213888
604871576567152640
849834741615951872
921069135201464331
834170279239614477
671030910740856853
1297684949629141050
1028463746743554069
813027990664380426
195665893533941760
191044227415670786
906494250374549504
790663435238375484
498151198134763522
1149908037629399070
258021457374871564
506836236707561482
816024225982447688
274731634933235712
956605974955835442
586211298778546177
611577625873219584
1077727466111631443
727908343422910465
693980861644669029
645714505241985034
1089231597812842536
732719655080165396
1085959436453023825
1131772344763953152
816474309618696233
756222389544681664
852931956327841883
504519998346231808
602958566533365770
722895056817619054
828050722854797322
807829309443670036
963820424188293120
1214373108698320896
760587915151015976
755666927766208532
706476381243965480
722533846624633005
881492978886148126
1111523785909211226
259741959017594881
498883453006118914
886675359079235584
203942270871928833
420984681006235648
549141805103448077
835895509721546804
1052688681053470801
770287517089005569
487247660684804132
602862802494816285
614719821296173064
654329096334999572
739619264624853002
745133525962850304
257869141925429258
899142253770072074
1083275754374180874
418586734582824970
335439004226813954
1162126516629549227
991811240764653709
861713624031559680
554759748717641728
558382024642134037
631961160085930014
525757180016853040
732767467818188822
972961636962959390
494607001452675093
793304446749638677
544191204007477268
422824721978228739
660292639412846621
472982553322848266
441437902531199016
478844178705547274
490100041281699840
541486928009101312
544053837632241664
1170548771663392890
1341892869681840208
604056385927249920
1042186967602958357
721624071728529448
1105714230163939358
1029577431855681607
339452248713199616
466978552265310209
717883382524018768
779834850236039198
778420405182398494
160171260418981888
699406417412489227
926764579990671421
776244811803394099
526152355935158292
463752520158674955
914313176949063741
730859920110387302
1335758443176398948
1044691201028259890
775379594785980417
402884106796662785
481525116774252554
1141990033532928031
852085068192284672
811051565464158249
1036384332635451504
804415461474435084
725763579676065793
414977434077757441
338862419738886147
598584188110635029
822517217165049858
720786227951042591
351064221984751616
477310669872431114
822517217165049858
720786227951042591
351064221984751616
477310669872431114
769086808570855444
1051262920597708810
926668544563879977
1128990025946779719
464990717123493898
975465514623189043
404838734253654017
810707381444804608
1113914052838686851
1337866407966277683
1143489903544516628
1099091867540406293
555893082017759232
1072665868892389447
984971562748895252
365178033520246784
1088036057372688404
1097591133166632960
655765112505761832
246274102606692352
1368434339502624871
396622353196384256
715747354640384111
694299819371659297
291315628009193472
1311431318281916521
342762641799774236
613321251804413952
688866403939647498
1172946531545006140
1306827074928906334
787556240279732224
699152500191789077
1209556308848545863
414611383590846465
1205467371553292288
554210409297477640
481274087495303169
803384300317311016
1137527531575185428
745767487890653205
1016046802794975307
1323081273643761735
598717049174228992
392425400816369665
1148360916916768868
875837403103916082
691426113821606008
703311806055055480
1078717198627000481
1411132353090289707
926159639438057544
737786666126934129
418438698435346433
1269492128824950877
190948144085729280
693417118099832852
1146589362365149204
318727551134466048
307605912523243521
663143478481518592
224980447614992384
342319570507268096
1282704417585365084
942469040662802512
965286602257621062
1346518456912052284
733094724898127882
637801267296600084
596541829563023361
1106220844482580700
550356842983718950
550431401846243338
536393630227759104
985139483513061416
777998110911365182
567072897164640272
700460030985502860
352890104181948427
410213656429592577
765653244747579442
725204957913153546
368461539847438346
351946334141677571
740614140850208788
1097949323850944575
267857029593432066
654758272259194921
287410343695613952
205486184942534657
1107132188811591795
879064833922826340
490668871133560832
746835609808797718
1181792607387521047
713985280717357110
